 1   Michael 75,86,89,31,
 2      Emma 74,63,70,48,
 3    Hannah 73,45,82,31,
 4     Emily 40,30,49,48,
 5    Daniel 46,59,47,70,

 5    Daniel 46,59,47,70,
 4     Emily 40,30,49,48,
 3    Hannah 73,45,82,31,
 2      Emma 74,63,70,48,
 1   Michael 75,86,89,31,

 5    Daniel 46,59,47,70,
 4     Emily 40,30,49,48,
 2      Emma 74,63,70,48,
 3    Hannah 73,45,82,31,
 1   Michael 75,86,89,31,

 1   Michael 75,86,89,31, 70
 2      Emma 74,63,70,48, 63
 3    Hannah 73,45,82,31, 57
 4     Emily 40,30,49,48, 41
 5    Daniel 46,59,47,70, 55

 4     Emily 40,30,49,48, 41
 5    Daniel 46,59,47,70, 55
 3    Hannah 73,45,82,31, 57
 2      Emma 74,63,70,48, 63
 1   Michael 75,86,89,31, 70

 4     Emily 40,30,49,48,
 2      Emma 74,63,70,48,
