0
[20589, 112, 0, 0, 3800, 42, 0, 0, 2, 0, 0, 0, 0, 0, 0, 0, 36135, 33, 0, 0, 12736, 4085, 75, 0, 1133, 2208, 86, 0, 0, 0, 0, 0, 9203, 0, 0, 0, 10620, 7216, 4, 0, 116, 4409, 1840, 188, 0, 37, 204, 367, 805, 0, 0, 0, 10759, 1746, 0, 0, 3332, 18048, 4226, 1, 23, 1347, 11287, 20578]
1
[93315, 1036, 0, 0, 1255, 614, 0, 0, 323, 0, 0, 0, 0, 0, 0, 0, 13786, 1960, 0, 0, 44453, 28619, 472, 0, 1932, 2345, 442, 0, 124, 517, 2, 0, 10, 52, 0, 0, 5539, 14407, 1058, 0, 1521, 21277, 11044, 32, 18, 497, 1698, 93, 0, 0, 0, 0, 0, 11, 42, 0, 0, 132, 5150, 292, 94, 245, 3856, 3881]
2
[9771, 248, 0, 0, 2, 77, 0, 0, 0, 0, 0, 0, 0, 0, 0, 0, 13785, 255, 0, 0, 4916, 7114, 259, 0, 0, 127, 407, 0, 0, 0, 0, 0, 2696, 28, 0, 0, 19209, 13698, 74, 0, 232, 6154, 14982, 700, 0, 0, 151, 5233, 5326, 2, 0, 0, 18639, 4716, 6, 0, 185, 5356, 4918, 110, 0, 223, 3236, 52749]
3
[27957, 0, 0, 0, 0, 0, 0, 0, 0, 0, 0, 0, 0, 0, 0, 0, 28245, 130, 0, 0, 4688, 5078, 0, 0, 13, 7, 0, 0, 0, 0, 0, 0, 9090, 946, 0, 0, 40881, 18205, 15, 0, 257, 12377, 2797, 0, 0, 1, 4, 0, 64, 653, 0, 0, 6804, 8090, 222, 0, 1811, 21443, 25086, 15, 0, 14018, 12007, 21240]
4
[2603, 124, 0, 0, 243, 174, 266, 0, 0, 0, 3, 0, 0, 0, 0, 0, 8035, 350, 0, 0, 1672, 4842, 1066, 0, 0, 287, 596, 19, 0, 0, 0, 0, 30203, 2, 0, 0, 22685, 3745, 142, 0, 386, 2044, 1291, 461, 0, 0, 11, 728, 1133, 0, 0, 0, 21286, 2375, 75, 0, 20717, 7202, 2908, 235, 11998, 13230, 19796, 12651]
5
[107102, 0, 0, 0, 17, 0, 0, 0, 0, 0, 0, 0, 0, 0, 0, 0, 15743, 0, 0, 0, 11004, 845, 0, 0, 0, 13, 0, 0, 0, 0, 0, 0, 5455, 0, 0, 0, 16617, 7228, 0, 0, 698, 6421, 664, 0, 0, 0, 0, 0, 5007, 0, 0, 0, 20076, 4394, 0, 0, 7964, 32041, 2523, 0, 229, 5467, 11500, 1136]
6
[28094, 0, 0, 0, 25, 0, 0, 0, 0, 0, 0, 0, 0, 0, 0, 0, 16285, 0, 0, 0, 1503, 655, 0, 0, 21, 0, 0, 0, 0, 0, 0, 0, 906, 2, 0, 0, 1910, 2130, 0, 0, 8, 2513, 1095, 0, 0, 0, 0, 0, 1372, 155, 0, 0, 1377, 14169, 26, 0, 0, 1586, 3294, 0, 0, 0, 2025, 95441]
7
[31278, 0, 0, 0, 155, 0, 0, 0, 0, 0, 0, 0, 0, 0, 0, 0, 17110, 0, 0, 0, 14058, 5571, 0, 0, 0, 2, 0, 0, 0, 0, 0, 0, 3805, 0, 0, 0, 18212, 10385, 0, 0, 2596, 66042, 23856, 0, 0, 0, 0, 0, 0, 0, 0, 0, 0, 35, 0, 0, 0, 218, 2534, 0, 0, 0, 726, 25]
8
[17439, 3334, 0, 0, 0, 817, 247, 0, 0, 0, 0, 0, 0, 0, 0, 0, 4571, 1431, 0, 0, 1202, 18961, 8498, 5, 0, 0, 2074, 939, 0, 0, 0, 0, 1089, 0, 0, 0, 14154, 19026, 2679, 0, 10421, 11803, 65092, 12333, 0, 0, 0, 14, 0, 0, 0, 0, 58, 120, 1, 0, 0, 83, 151, 5, 0, 0, 48, 13]
9
[15847, 0, 0, 0, 0, 0, 0, 0, 0, 0, 0, 0, 0, 0, 0, 0, 39718, 0, 0, 0, 12707, 1032, 0, 0, 3, 12, 0, 0, 0, 0, 0, 0, 4700, 2, 0, 0, 25349, 20048, 0, 0, 44, 5947, 664, 0, 0, 0, 0, 0, 1, 0, 0, 0, 241, 860, 0, 0, 1, 3960, 3241, 0, 0, 21, 4676, 57534]
10
[5676, 1667, 0, 0, 0, 784, 0, 0, 0, 0, 0, 0, 0, 0, 0, 0, 42612, 177, 0, 0, 12557, 33842, 23127, 1, 0, 181, 4401, 2626, 0, 0, 0, 0, 73, 0, 0, 0, 10492, 5338, 346, 0, 86, 16420, 8148, 7353, 0, 337, 560, 1640, 0, 0, 0, 0, 0, 0, 0, 0, 0, 1741, 1036, 9, 0, 535, 3460, 11383]
11
[31513, 64, 0, 0, 18, 88, 0, 0, 0, 0, 0, 0, 0, 0, 0, 0, 29132, 1097, 110, 0, 32384, 12408, 611, 0, 0, 115, 491, 0, 0, 0, 0, 0, 4449, 395, 0, 0, 38807, 15911, 422, 0, 0, 5263, 25327, 8081, 0, 0, 1268, 42556, 0, 0, 0, 0, 888, 1259, 0, 0, 0, 2103, 1419, 101, 0, 0, 1954, 3910]
12
[25181, 0, 0, 0, 0, 0, 0, 0, 0, 0, 0, 0, 0, 0, 0, 0, 15563, 107, 0, 0, 430, 1900, 0, 0, 0, 0, 0, 0, 0, 0, 0, 0, 14990, 56, 0, 0, 4336, 3367, 35, 0, 25, 473, 3513, 8, 0, 0, 28, 7, 9041, 100, 0, 0, 22713, 4209, 66, 0, 26029, 16188, 3880, 67, 3524, 14238, 18155, 73915]
13
[0, 0, 0, 0, 0, 0, 0, 0, 0, 0, 0, 0, 0, 0, 0, 0, 5818, 0, 0, 0, 1319, 272, 0, 0, 0, 0, 0, 0, 0, 0, 0, 0, 13341, 0, 0, 0, 37997, 7871, 2, 0, 792, 3461, 1169, 0, 0, 0, 1, 89, 0, 0, 0, 0, 8559, 765, 0, 0, 5394, 8485, 4419, 0, 0, 85, 3075, 92670]
14
[40099, 5447, 0, 0, 23, 6510, 1, 0, 0, 0, 0, 0, 0, 0, 0, 0, 10873, 111, 0, 0, 2902, 15095, 3620, 0, 0, 27, 1681, 326, 0, 0, 0, 0, 3482, 39, 0, 0, 6617, 3421, 183, 0, 58, 1525, 3952, 677, 0, 0, 817, 4256, 318, 0, 0, 0, 6037, 3471, 14, 0, 5923, 17919, 4077, 4, 505, 8889, 10862, 26335]
15
[84042, 43, 0, 0, 237, 2, 0, 0, 0, 0, 0, 0, 0, 0, 0, 0, 16874, 1078, 0, 0, 7719, 9043, 11, 0, 2, 13, 10, 0, 0, 0, 0, 0, 25214, 214, 0, 0, 5252, 4301, 88, 0, 1763, 6137, 3592, 191, 4, 77, 57, 422, 15740, 42, 0, 0, 10774, 3190, 1, 0, 1487, 4213, 2400, 275, 2578, 8171, 2434, 44453]
16
[48781, 2838, 0, 0, 680, 2815, 0, 0, 0, 0, 0, 0, 0, 0, 0, 0, 8016, 64, 0, 0, 13486, 77966, 685, 0, 0, 3593, 1201, 0, 0, 0, 0, 0, 3433, 39, 0, 0, 849, 1948, 16, 0, 27, 6429, 12723, 134, 0, 0, 275, 138, 15, 0, 0, 0, 45, 560, 4, 0, 0, 188, 1339, 3, 0, 43, 6074, 16025]
17
[4168, 30, 0, 0, 17, 8, 0, 0, 0, 0, 0, 0, 0, 0, 0, 0, 7799, 13, 0, 0, 1095, 1450, 2, 0, 0, 7, 0, 0, 0, 0, 0, 0, 16788, 0, 0, 0, 33208, 1827, 3, 0, 201, 2290, 5962, 13, 0, 0, 7, 3, 8, 0, 0, 0, 36654, 2172, 0, 0, 19701, 54868, 10689, 13, 0, 69, 28122, 34957]
18
[58602, 650, 0, 0, 17, 319, 0, 0, 0, 0, 0, 0, 0, 0, 0, 0, 10808, 106, 0, 0, 3738, 5262, 213, 0, 73, 248, 264, 0, 0, 0, 0, 0, 8095, 0, 0, 0, 19746, 11742, 36, 0, 5451, 10558, 15058, 97, 0, 2, 439, 274, 138, 0, 0, 0, 8814, 1300, 0, 0, 7040, 13419, 3656, 30, 121, 6576, 437, 3279]
19
[22011, 136, 0, 0, 719, 132, 0, 0, 0, 0, 0, 0, 0, 0, 0, 0, 24126, 21, 0, 0, 14359, 8947, 62, 0, 117, 686, 543, 5, 0, 0, 0, 0, 7782, 0, 0, 0, 9154, 5853, 3, 0, 1728, 3832, 5008, 95, 0, 8, 404, 323, 18, 0, 0, 0, 10415, 96, 0, 0, 11759, 784, 596, 1, 389, 1839, 6237, 57396]
20
[59616, 1937, 0, 0, 976, 2912, 61, 0, 0, 0, 5, 21, 0, 0, 0, 0, 8093, 33, 0, 0, 4957, 10935, 290, 0, 6, 234, 735, 114, 0, 0, 0, 48, 2436, 0, 0, 0, 4148, 5012, 86, 0, 1165, 5764, 9718, 644, 0, 22, 1618, 5547, 31, 0, 0, 0, 69, 43, 0, 0, 2799, 673, 4358, 48, 17, 86, 4423, 55904]
21
[0, 0, 0, 0, 0, 0, 0, 0, 0, 0, 0, 0, 0, 0, 0, 0, 202, 0, 0, 0, 8118, 3910, 0, 0, 0, 0, 0, 0, 0, 0, 0, 0, 1621, 0, 0, 0, 11165, 69341, 0, 0, 65, 51937, 31333, 1127, 0, 0, 5, 122, 58, 0, 0, 0, 19506, 32929, 61, 0, 267, 9389, 12252, 327, 0, 1, 513, 7895]
22
[16764, 83, 0, 0, 214, 158, 0, 0, 0, 0, 0, 0, 0, 0, 0, 0, 7757, 0, 0, 0, 10137, 8775, 0, 0, 0, 60, 0, 0, 0, 0, 0, 0, 6127, 0, 0, 0, 13417, 15594, 0, 0, 742, 25716, 22606, 0, 0, 28, 144, 0, 71, 0, 0, 0, 523, 1385, 0, 0, 9, 4349, 13561, 0, 0, 221, 15993, 10670]
23
[7283, 0, 0, 0, 0, 0, 0, 0, 0, 0, 0, 0, 0, 0, 0, 0, 19286, 0, 0, 0, 2244, 5, 0, 0, 0, 0, 0, 0, 0, 0, 0, 0, 6350, 0, 0, 0, 34491, 1033, 0, 0, 51, 1284, 328, 0, 0, 0, 0, 0, 0, 0, 0, 0, 14616, 57, 0, 0, 25958, 11942, 3531, 0, 0, 194, 6918, 40045]
24
[54147, 48, 0, 0, 155, 21, 0, 0, 0, 0, 0, 0, 0, 0, 0, 0, 21388, 761, 0, 0, 7013, 5652, 51, 0, 6, 24, 69, 0, 0, 0, 0, 0, 2256, 5321, 0, 0, 3972, 10924, 18, 0, 482, 7704, 8785, 1, 0, 0, 59, 1, 0, 115, 0, 0, 188, 5197, 221, 0, 1188, 990, 6348, 20, 33, 480, 26980, 24966]
25
[42608, 0, 0, 0, 0, 0, 0, 0, 0, 0, 0, 0, 0, 0, 0, 0, 3618, 0, 0, 0, 4759, 912, 0, 0, 28, 11, 0, 0, 0, 0, 0, 0, 58, 0, 0, 0, 2181, 2392, 0, 0, 180, 14668, 2783, 0, 0, 4, 4, 0, 0, 0, 0, 0, 370, 75, 0, 0, 5059, 31018, 5322, 0, 0, 325, 31627, 48606]
26
[82166, 492, 0, 0, 107, 778, 22, 0, 0, 0, 0, 0, 0, 0, 0, 0, 6567, 38, 0, 0, 3312, 18550, 1343, 0, 0, 81, 1835, 49, 0, 0, 0, 0, 2102, 19, 0, 0, 1151, 1870, 44, 0, 4222, 5874, 16157, 7909, 0, 29, 500, 6314, 426, 0, 0, 0, 113, 261, 2, 0, 2608, 5690, 2321, 536, 29, 1650, 2805, 17612]
27
[17983, 29, 0, 0, 2089, 59, 0, 0, 0, 0, 0, 0, 0, 0, 0, 0, 27876, 14, 0, 0, 15867, 20150, 60, 0, 145, 1453, 590, 0, 0, 0, 0, 0, 8233, 0, 0, 0, 13120, 10132, 0, 0, 740, 5745, 21664, 679, 0, 4, 1332, 3382, 120, 0, 0, 0, 2085, 2142, 0, 0, 392, 6730, 5325, 25, 0, 572, 4221, 23650]
28
[32011, 0, 0, 0, 1, 9, 0, 0, 0, 0, 0, 0, 0, 0, 0, 0, 11289, 1, 0, 0, 630, 636, 8, 0, 0, 9, 107, 0, 0, 0, 0, 0, 56895, 3, 0, 0, 35989, 2709, 0, 0, 5, 644, 1087, 29, 0, 0, 48, 559, 1106, 0, 0, 0, 12832, 1450, 0, 0, 6694, 2294, 748, 1, 340, 870, 911, 25669]
29
[13485, 626, 0, 0, 13, 6, 0, 0, 0, 0, 0, 0, 0, 0, 0, 0, 8365, 2398, 0, 0, 2597, 10672, 579, 0, 0, 0, 21, 19, 0, 0, 0, 0, 10392, 196, 0, 0, 7683, 23234, 3160, 0, 118, 3478, 12838, 10086, 0, 0, 0, 461, 6015, 5, 0, 0, 20120, 20206, 381, 0, 924, 7786, 6892, 27464, 0, 16, 5151, 56757]
30
[9686, 853, 0, 0, 703, 1660, 1, 0, 0, 0, 0, 0, 0, 0, 0, 0, 21575, 884, 0, 0, 10753, 15503, 8575, 0, 2, 339, 5735, 2009, 0, 0, 0, 0, 415, 3, 0, 0, 17651, 23915, 618, 0, 107, 34946, 66246, 12294, 0, 0, 180, 10445, 0, 0, 0, 0, 0, 24, 2, 0, 0, 361, 4117, 769, 0, 0, 1081, 10692]
31
[122134, 413, 0, 0, 1205, 29, 0, 0, 0, 0, 0, 0, 0, 0, 0, 0, 46500, 1112, 0, 0, 11170, 8737, 288, 0, 1, 42, 10, 0, 0, 0, 0, 0, 0, 0, 0, 0, 3262, 3211, 263, 0, 1865, 11593, 1660, 75, 0, 0, 14, 4, 0, 0, 0, 0, 0, 0, 0, 0, 0, 16981, 5273, 33, 0, 11497, 14263, 509]
32
[28374, 0, 0, 0, 0, 0, 0, 0, 0, 0, 0, 0, 0, 0, 0, 0, 61231, 0, 0, 0, 806, 70, 0, 0, 0, 0, 0, 0, 0, 0, 0, 0, 15213, 0, 0, 0, 24397, 5597, 2, 0, 887, 3037, 2988, 0, 0, 0, 1, 0, 0, 0, 0, 0, 7545, 495, 0, 0, 10573, 16569, 19963, 26, 0, 491, 25831, 38048]
33
[14460, 0, 0, 0, 1081, 1, 0, 0, 0, 0, 0, 0, 0, 0, 0, 0, 16398, 0, 0, 0, 14710, 13449, 0, 0, 1, 2047, 25, 0, 0, 0, 0, 0, 9099, 0, 0, 0, 22924, 5821, 0, 0, 2167, 10756, 10389, 0, 0, 1, 926, 0, 206, 0, 0, 0, 5376, 2214, 0, 0, 3484, 36762, 1067, 0, 0, 8213, 16117, 2498]
34
[96529, 0, 0, 0, 0, 0, 0, 0, 0, 0, 0, 0, 0, 0, 0, 0, 38465, 0, 0, 0, 3263, 16, 0, 0, 0, 0, 0, 0, 0, 0, 0, 0, 1723, 0, 0, 0, 5367, 507, 0, 0, 5, 288, 4, 0, 0, 0, 0, 0, 0, 0, 0, 0, 18, 39, 0, 0, 19, 12993, 151, 0, 0, 26005, 75680, 1072]
35
[5027, 10, 0, 0, 1, 1, 0, 0, 0, 0, 0, 0, 0, 0, 0, 0, 42847, 122, 0, 0, 17339, 13116, 68, 0, 0, 3, 29, 0, 0, 0, 0, 0, 602, 23, 0, 0, 11417, 26983, 137, 0, 2, 10344, 46421, 1459, 0, 0, 39, 3131, 0, 0, 0, 0, 0, 32, 2, 0, 0, 504, 4151, 120, 0, 3, 2992, 9683]
36
[9898, 0, 0, 0, 0, 0, 0, 0, 0, 0, 0, 0, 0, 0, 0, 0, 45684, 1, 0, 0, 4248, 415, 0, 0, 0, 0, 0, 0, 0, 0, 0, 0, 15010, 0, 0, 0, 32071, 6463, 0, 0, 4, 1765, 79, 0, 0, 0, 0, 0, 2, 0, 0, 0, 1550, 1583, 0, 0, 16, 16256, 1825, 0, 0, 2070, 27730, 7922]
37
[61861, 569, 0, 0, 6, 45, 0, 0, 0, 0, 0, 0, 0, 0, 0, 0, 17106, 638, 0, 0, 10104, 6764, 214, 0, 0, 1, 150, 0, 0, 0, 0, 0, 0, 0, 0, 0, 11, 1659, 4, 0, 0, 13886, 30813, 2, 0, 0, 1, 4, 0, 0, 0, 0, 0, 0, 0, 0, 0, 40, 12632, 16, 0, 0, 24697, 15385]
38
[7885, 506, 0, 0, 501, 833, 0, 0, 0, 0, 0, 0, 0, 0, 0, 0, 19441, 260, 0, 0, 2526, 50124, 3435, 0, 10, 71, 972, 0, 0, 0, 0, 0, 14948, 720, 0, 0, 513, 3412, 438, 0, 6, 1163, 11420, 3153, 0, 0, 349, 4897, 2152, 592, 0, 0, 212, 2746, 600, 0, 0, 302, 5775, 617, 0, 78, 7704, 48247]
39
[7912, 6, 0, 0, 509, 0, 0, 0, 0, 0, 0, 0, 0, 0, 0, 0, 42026, 25, 0, 0, 9528, 4794, 10, 0, 2, 154, 0, 0, 0, 0, 0, 0, 1727, 0, 0, 0, 26552, 4459, 8, 0, 1658, 5666, 6295, 0, 0, 0, 110, 0, 0, 0, 0, 0, 3370, 73, 0, 0, 1293, 6275, 8680, 55, 0, 0, 14731, 50690]
40
[30853, 561, 71, 0, 3, 140, 69, 77, 0, 0, 0, 126, 0, 0, 0, 0, 42374, 3208, 271, 0, 4403, 6755, 2450, 395, 0, 22, 334, 1596, 0, 0, 0, 410, 38976, 1275, 7, 0, 21690, 17340, 3659, 50, 39, 3565, 5324, 1383, 0, 6, 59, 3120, 844, 182, 0, 0, 10200, 4988, 293, 0, 5077, 19559, 10577, 1243, 137, 2456, 9284, 6693]
41
[7299, 1, 0, 0, 13, 26, 0, 0, 0, 0, 0, 0, 0, 0, 0, 0, 36663, 0, 0, 0, 3995, 4823, 9, 0, 0, 112, 547, 0, 0, 0, 0, 0, 18756, 0, 0, 0, 24894, 7177, 7, 0, 2441, 6317, 17674, 432, 0, 0, 361, 6234, 0, 0, 0, 0, 1681, 110, 0, 0, 4009, 6382, 5371, 16, 17, 680, 7112, 98985]
42
[31527, 105, 0, 0, 12, 115, 0, 0, 0, 0, 0, 0, 0, 0, 0, 0, 65938, 3, 0, 0, 17242, 6863, 13, 0, 0, 88, 36, 0, 0, 0, 0, 0, 5710, 0, 0, 0, 39433, 6420, 4, 0, 781, 2767, 1999, 8, 0, 0, 78, 33, 2, 0, 0, 0, 4059, 71, 0, 0, 19768, 5045, 1099, 0, 347, 11830, 6773, 33975]
43
[26347, 271, 0, 0, 694, 205, 0, 0, 0, 0, 0, 0, 0, 0, 0, 0, 41824, 31, 0, 0, 15470, 9357, 93, 0, 0, 410, 144, 0, 0, 0, 0, 0, 7760, 26, 0, 0, 8346, 4293, 16, 0, 5244, 15568, 47983, 10347, 0, 1, 2339, 3818, 0, 0, 0, 0, 0, 1, 0, 0, 269, 325, 1625, 6, 1, 100, 4233, 54485]
44
[5071, 0, 0, 0, 0, 0, 0, 0, 0, 0, 0, 0, 0, 0, 0, 0, 24923, 0, 0, 0, 3413, 775, 0, 0, 0, 0, 0, 0, 0, 0, 0, 0, 8903, 0, 0, 0, 60490, 5103, 0, 0, 6781, 8567, 415, 0, 0, 0, 0, 0, 0, 0, 0, 0, 5789, 260, 0, 0, 21433, 9453, 11487, 0, 34, 284, 17624, 5803]
45
[5, 0, 0, 0, 0, 0, 0, 0, 0, 0, 0, 0, 0, 0, 0, 0, 10664, 0, 0, 0, 3752, 687, 0, 0, 70, 854, 0, 0, 0, 0, 0, 0, 1258, 0, 0, 0, 44830, 6690, 20, 0, 4329, 12203, 13736, 81, 0, 137, 735, 829, 0, 0, 0, 0, 6, 95, 0, 0, 165, 5373, 4974, 59, 0, 667, 7033, 77356]
46
[48432, 129, 0, 0, 1321, 99, 0, 0, 0, 0, 0, 0, 0, 0, 0, 0, 21171, 28, 0, 0, 10842, 4609, 81, 0, 19, 100, 92, 0, 0, 0, 0, 0, 1762, 1, 0, 0, 19719, 14609, 30, 0, 375, 7911, 18296, 66, 0, 0, 327, 130, 0, 0, 0, 0, 857, 23, 0, 0, 570, 4973, 6422, 61, 0, 82, 9345, 24126]
47
[527, 47, 3, 0, 0, 18, 24, 0, 0, 0, 0, 0, 0, 0, 0, 0, 16432, 76, 0, 0, 3772, 2602, 251, 8, 0, 3, 89, 373, 0, 0, 0, 0, 14201, 38, 0, 0, 46965, 21677, 507, 6, 347, 10327, 18699, 1967, 0, 0, 591, 2355, 0, 0, 0, 0, 2016, 956, 1, 0, 2207, 4529, 3512, 171, 1514, 3117, 8877, 26779]
48
[2902, 14, 0, 0, 180, 56, 0, 0, 0, 0, 0, 0, 0, 0, 0, 0, 833, 0, 0, 0, 4314, 5023, 89, 0, 5, 158, 443, 0, 0, 0, 0, 0, 27, 0, 0, 0, 553, 2420, 65, 0, 886, 7294, 23142, 1161, 0, 15, 4193, 6159, 728, 161, 0, 0, 545, 561, 306, 0, 11765, 1946, 1943, 475, 9064, 10255, 8665, 41110]
49
[42517, 38, 0, 0, 6769, 230, 0, 0, 0, 0, 0, 0, 0, 0, 0, 0, 5514, 61, 0, 0, 20050, 27577, 47, 0, 11, 4101, 166, 0, 0, 0, 0, 0, 6619, 0, 0, 0, 7768, 5095, 34, 0, 269, 13569, 7872, 116, 0, 0, 70, 66, 38, 0, 0, 0, 10042, 663, 0, 0, 7361, 13415, 7365, 144, 0, 23, 3005, 5993]
defaultdict(<class 'list'>, {0: [0, 1, 2, 3, 4, 5, 7, 8, 9, 10, 11, 12, 13, 14, 15, 17, 18, 19, 20, 22, 23, 24, 25, 26, 27, 28, 29, 30, 31, 32, 33, 35, 36, 37, 38, 39, 40, 41, 42, 43, 44, 45, 46, 47, 48, 49], 6: [6], 16: [16], 21: [21], 34: [34]})
